Depth 0 
cluster names:	 1 
cluster log marginal likelihood:	 -1090211.94724065 
Depth 1 
cluster names:	 1	2	3	4 
cluster log marginal likelihood:	 -92808.7196668496	-232297.848911362	-357107.472858049	-33091.1079253901 
Depth 2 
cluster names:	 1	2	4	5	8	9	10	3	11	6	7	12	13	14	15 
cluster log marginal likelihood:	 -5649.24951477568	-44109.6904178587	-56208.5895634457	-51220.5370541052	-48874.647073526	-63158.0929641032	-115327.811436079	-16445.4474841003	-2874.3942833149	-10045.8001392809	-18771.024046033	-1456.66326928899	-2274.15434974755	-5587.57316310778	-1621.81993117995 
Depth 3 
cluster names:	 1	2	6	9	7	12	17	21	13	23	24	26	31	35	14	40	44	10	8	27	25	3	41	45	22	47	18	32	28	48	29	15	51	19	36	16	33	4	5	52	37	54	49	11	42	34	30	38	46	53	55	20	56	39	50	43 
cluster log marginal likelihood:	 -1287.78258545015	-180.717504830115	-13118.0299431453	-10674.0182873292	-9090.42712423107	-17540.6053580336	-4042.50858813779	-29052.5719731228	-850.430995923952	-35226.7900385887	-15369.0776550253	-6733.37583068792	-483.763154817691	-885.290140563077	-1529.9526728359	-1181.68219921702	-316.637336420638	-24416.6868754633	-4974.44720674123	-66.0529895889451	-25570.1385734595	-124.34209445072	-4445.01210672394	-139.984677292187	-18488.8936476538	-32.9483115936924	-2686.77830957773	-14.6587687452833	-359.966975522299	-93.4520848115009	-214.430825862024	-1798.20190154012	-1591.13193253952	-8641.86407505153	-3020.02398048365	-970.005944889287	-465.749529821087	-33.3301074242527	-26.9697001742767	-642.249667779387	-71.0148265475334	-152.041006999595	-358.813165409408	-1117.9485227801	-484.568105814874	-11.2997586602375	-209.976898102837	-48.6396105472192	NA	-642.390524881756	-42.2060178162621	NA	-157.385755882523	-73.2528361112007	-121.333396141424	NA 
Depth 4 
cluster names:	 1	5	8	14	20	23	26	31	33	36	38	27	41	45	47	50	34	54	56	59	61	67	69	70	73	37	9	75	62	63	15	80	42	43	83	88	2	32	16	90	21	92	60	94	97	100	103	71	39	3	10	17	107	11	112	113	48	116	57	104	121	84	85	46	22	108	124	126	76	64	95	4	128	28	130	134	81	96	137	117	105	93	140	106	131	143	65	12	146	40	55	91	135	149	13	151	118	77	72	109	18	98	141	144	153	155	82	156	86	24	101	158	138	49	119	139	114	160	66	51	145	115	161	110	162	163	78	150	127	19	122	147	157	25	142	87	125	165	29	136	6	58	120	52	35	148	30	164	89	44	154	99	166	132	74	133	159	102	79	168	123	53	167	111	129	7	68	152 
cluster log marginal likelihood:	 -95.8711433957673	NA	-406.705390815927	-62.9102793987012	-4253.09013548821	-3097.94067948392	-980.311196658146	-14875.4000040112	-50.5094126591392	-11358.9671002026	-324.90383269738	-56.140111007313	-2271.849677285	NA	-130.547775051164	NA	-82.9952796429024	NA	NA	-12370.7098590413	-6.46054606776544	NA	-6506.9497691864	-2448.6825826472	NA	-13504.1705028784	NA	NA	-46.747724945533	-141.885053972191	-1760.3751390617	NA	-261.790465196349	-623.520399174153	-2145.48574522265	NA	-168.087637444365	-7565.14627288919	-150.005923975607	-527.049141861969	-460.155833279379	NA	-6496.31092101472	-30.6406996029214	NA	-10.1390314812155	-27.662416747143	-2524.45366130162	-5677.31177292429	NA	-13.5145931496561	-12.4640490638662	NA	-3441.6984128394	-7.34495601469754	-256.078720714323	NA	-112.419628221953	NA	-33.0489891614459	-71.2534699682495	NA	-2842.20922499037	-218.183299636984	-677.083579737472	-290.67708026174	-211.267248207717	NA	NA	-375.959923626807	NA	NA	NA	-37.6023732369198	NA	-21.6718927310846	NA	-18.1859251233284	-15.3252717458865	-843.027559880222	-188.690627121869	-3.87922011189781	NA	-33.2900387709994	-48.8356258129864	-120.32221955507	-3.72877934004591	-112.738266840806	-52.7068268238943	-2376.48119983247	-195.818442199122	-394.985402107232	NA	-3.72877934004591	-471.128116409337	-4.97783240056592	NA	NA	-43.119574798981	NA	-329.615439984137	NA	NA	-23.5083712054045	NA	NA	-23.9399851637976	-244.887028004404	-368.449828400024	-348.403334651654	NA	NA	NA	-100.40666445668	-8.86478176844195	NA	-1637.93432605196	NA	-6.25450282537402	NA	NA	NA	-9.0270915476138	-9.31477362006558	NA	-37.8144103682094	NA	NA	-3.21795371627992	NA	NA	NA	-101.671159538959	-6158.86798603631	NA	NA	NA	NA	NA	NA	NA	NA	NA	NA	NA	-22.750463707349	NA	NA	NA	-3.72877934004591	NA	NA	-25.4791738108787	NA	-19.9861123675382	NA	NA	NA	NA	NA	NA	NA	NA	NA	NA	NA	NA	NA 
Depth 5 
cluster names:	 1	3	4	7	9	13	18	21	23	24	29	32	34	36	37	39	40	25	42	43	44	47	48	49	22	53	57	58	62	63	64	67	70	72	35	73	76	79	82	2	59	83	85	86	26	88	90	45	92	95	96	101	102	97	103	104	106	27	110	80	14	60	8	115	116	118	119	98	120	123	124	126	68	127	129	130	132	135	136	10	139	111	142	146	140	28	149	151	107	5	152	99	153	156	157	54	158	159	162	154	50	163	165	55	166	11	143	61	168	170	121	172	174	122	175	15	171	176	178	112	180	117	183	184	186	188	77	191	6	193	141	12	125	195	196	197	137	200	201	202	93	203	206	207	113	210	133	211	198	212	214	215	216	19	219	189	222	224	108	199	226	223	227	78	228	51	220	87	194	229	231	232	65	233	56	208	128	46	235	236	238	239	147	138	240	241	155	164	242	209	243	144	217	245	16	246	248	71	249	250	84	160	251	252	109	253	20	254	256	218	261	262	89	263	100	30	41	264	265	266	267	268	230	269	69	177	74	270	271	247	244	272	38	17	131	52	213	274	75	275	257	94	234	276	31	277	278	258	279	280	282	181	105	161	182	281	179	283	259	285	187	66	237	286	287	288	225	289	290	145	190	33	91	81	169	291	292	148	293	294	173	192	260	295	296	284	150	204	205	297	221	167	185	255	134	273	114 
cluster log marginal likelihood:	 NA	NA	-70.4289556741545	-14.6920473412009	-2154.35115069234	-130.923609693526	-365.669399388622	-5979.61491206294	-50.5094126591392	-30.6402103930236	NA	NA	-979.159837312509	NA	NA	NA	NA	-4.97783240056592	NA	NA	-1906.65213079898	-6.46054606776544	NA	-1483.17367307643	-4807.7501401737	-26.9976690411047	NA	-58.0329469579091	NA	NA	NA	-10.9149128393321	-629.216395545208	NA	-527.748744442007	NA	NA	-368.198224484828	NA	NA	-13.4669775873824	NA	-2766.28004326933	-8.21616133139747	-342.175487355947	NA	NA	-4969.24527573593	NA	NA	NA	-30.6406996029214	NA	-691.968813352787	-10.1390314812155	NA	-225.389067619846	-548.37126075411	NA	-126.338744151262	-32.6770562493631	-827.449881008929	-4.43234771348581	NA	NA	-12.4640490638662	NA	NA	-1164.37992295392	-7.34495601469754	NA	NA	-12.5480672783835	NA	NA	NA	NA	NA	NA	-22.8789627748251	-49.6736580959595	NA	NA	NA	NA	-2605.82237027975	-122.364230683284	NA	-137.514817938743	NA	NA	-498.171085399582	-31.2913734253826	NA	NA	NA	NA	NA	NA	NA	-295.091961397455	NA	NA	-287.712970026951	NA	-20.7449265826155	NA	-5717.11074490944	NA	-53.6044529667921	-499.131276110307	NA	-3.87922011189781	-16.119163696841	NA	-189.997353669223	-477.879674704335	-11.4503062090445	NA	-1247.71914893481	NA	-3.5850498530986	-3.72877934004591	-31.1285832576363	NA	NA	-129.102578694891	NA	NA	-39.1391359628562	NA	-14.6789796437621	-11.2997586602375	NA	-3.72877934004591	NA	-505.990387915408	-4.97783240056592	NA	NA	-6.69149123483483	NA	NA	-6.46054606776544	NA	NA	NA	NA	-69.4560470242412	-2.07860949210464	NA	NA	NA	-75.2302224052079	NA	-523.912719471067	NA	-73.1419650888254	NA	NA	NA	NA	NA	NA	NA	-392.643100225623	NA	-979.421099163704	-56.3560127968678	NA	-8.86478176844195	NA	-3.21795371627992	NA	-138.389549889419	NA	NA	-82.4253980433334	NA	NA	NA	NA	-36.8050947711506	NA	NA	NA	-75.7672502578665	-9.31477362006558	NA	NA	NA	-82.5715805535115	NA	NA	NA	-6.85319350442605	NA	-372.432145545301	NA	-3.21795371627992	NA	NA	NA	NA	-6.04378179405837	NA	NA	NA	-1520.24194699421	NA	NA	NA	NA	NA	NA	-14.890088257324	NA	NA	NA	NA	NA	NA	NA	NA	-11.6034709164368	NA	NA	NA	NA	NA	NA	NA	NA	NA	NA	NA	NA	NA	NA	NA	NA	NA	NA	NA	NA	-3.72877934004591	NA	NA	NA	NA	NA	NA	NA	NA	NA	NA	NA	NA	NA	NA	NA	NA	NA	NA	NA	NA	NA	NA	NA	NA	NA	NA	NA	NA	NA	NA	NA	NA	NA	NA	NA	NA	NA	NA	NA	NA	NA	NA	NA	NA	NA	NA	NA	NA	NA	NA	NA 
Depth 6 
cluster names:	 1	2	3	5	7	11	13	16	20	21	23	24	25	27	28	29	30	31	32	33	34	8	38	39	40	43	47	49	44	50	53	54	55	56	58	17	62	63	66	67	68	70	71	72	45	73	74	79	81	83	84	85	89	90	91	92	93	94	35	26	97	98	99	101	103	104	106	108	64	111	112	102	113	114	115	116	82	117	121	122	123	86	124	126	127	128	129	130	131	132	134	136	118	137	51	100	48	138	139	140	144	146	147	149	150	151	154	156	157	152	158	159	160	161	162	163	166	141	167	75	168	36	171	172	174	175	180	46	176	181	183	186	80	187	188	190	191	193	195	197	198	4	202	203	204	205	207	208	59	209	212	213	214	216	210	217	148	219	221	222	184	223	224	226	109	227	228	229	231	232	41	119	233	234	235	236	225	237	142	238	241	242	243	244	105	245	247	248	251	133	164	252	177	254	255	95	256	257	258	259	260	37	69	261	263	264	196	65	9	169	194	12	266	268	269	270	178	271	14	272	215	165	273	135	275	276	211	277	279	280	199	281	282	239	76	283	285	286	77	107	287	288	290	292	42	293	87	294	295	297	230	298	182	299	300	302	153	303	306	307	308	309	15	310	311	312	314	315	316	317	320	321	246	322	323	192	324	325	326	328	329	330	170	331	318	189	332	333	334	335	336	338	339	340	278	341	274	284	342	343	265	249	344	88	18	345	346	347	348	349	350	351	319	220	60	313	337	352	353	354	296	19	355	356	61	357	358	359	360	143	240	291	361	362	363	155	364	365	366	6	185	289	367	368	369	370	371	372	373	374	375	327	376	57	173	377	52	378	379	206	120	380	381	382	383	384	78	179	385	386	387	388	389	390	200	391	304	145	267	110	392	393	394	395	305	253	396	397	398	262	399	400	218	401	125	402	403	404	201	405	22	406	407	301	250	408	96	10	409 
cluster log marginal likelihood:	 NA	NA	-22.2035041959473	NA	-110.982546468425	NA	NA	-1110.79522266013	-50.5094126591392	-9.0270915476138	NA	NA	NA	NA	NA	NA	NA	-4.97783240056592	NA	NA	-29.1416491039221	-648.311498021551	-6.46054606776544	NA	-636.646259821405	-306.649131239044	NA	NA	-283.734922967526	-9.7645721317712	NA	NA	NA	NA	NA	-341.956700191852	NA	-59.2641207257119	NA	NA	NA	NA	NA	-13.4669775873824	NA	NA	NA	NA	NA	NA	NA	-2402.19908387849	NA	NA	NA	-30.6406996029214	NA	-111.27098806452	-96.6066869125239	-653.32609207934	-10.1390314812155	NA	NA	NA	NA	NA	-3.21795371627992	-245.600498577966	-107.619745160139	-4.43234771348581	NA	NA	NA	-12.4640490638662	NA	NA	-69.0682281182596	NA	-7.34495601469754	NA	NA	NA	NA	NA	NA	NA	NA	NA	NA	NA	NA	NA	-50.4526344031295	NA	NA	NA	NA	NA	NA	-370.681367117483	NA	NA	NA	NA	NA	NA	NA	NA	NA	NA	NA	NA	NA	NA	NA	NA	NA	NA	NA	-241.365841475737	NA	NA	NA	NA	NA	NA	NA	-678.067274427661	NA	NA	NA	NA	NA	-3.87922011189781	NA	NA	-80.1059691957449	-245.048488481508	NA	NA	NA	NA	NA	-3.5850498530986	-3.72877934004591	NA	NA	NA	NA	NA	NA	NA	NA	NA	NA	NA	NA	-3.72877934004591	NA	-3.72877934004591	-94.0121869413991	NA	-129.167425044039	-4.97783240056592	NA	NA	NA	NA	NA	NA	NA	-398.794518291169	-6.46054606776544	NA	NA	NA	-85.8913956594416	NA	NA	NA	-2.07860949210464	NA	NA	NA	NA	NA	NA	NA	NA	-6.97137169153143	-17.4774461656855	-13.9751836340236	NA	NA	NA	NA	NA	NA	NA	NA	NA	NA	NA	NA	NA	NA	NA	NA	-74.6806313976164	NA	-58.7941170964662	-22.7334254420872	NA	NA	-8.86478176844195	NA	-1746.69764514727	-3.21795371627992	NA	NA	NA	-4.43883589983323	-48.8627278797431	NA	NA	NA	NA	NA	NA	NA	NA	NA	NA	-9.31477362006558	NA	NA	NA	NA	NA	NA	NA	-27.1495958099258	NA	NA	NA	NA	NA	NA	NA	NA	NA	NA	NA	NA	NA	NA	NA	NA	NA	-3.21795371627992	NA	NA	NA	NA	NA	NA	NA	NA	NA	NA	NA	NA	NA	NA	NA	NA	NA	NA	NA	NA	NA	NA	NA	NA	-358.029166150682	NA	NA	NA	NA	NA	NA	NA	NA	NA	NA	NA	NA	NA	NA	NA	NA	NA	NA	NA	NA	NA	NA	NA	NA	NA	NA	NA	NA	NA	NA	NA	NA	NA	NA	NA	NA	-294.33062113837	NA	NA	NA	NA	-3.72877934004591	NA	NA	-221.380516182559	NA	NA	NA	NA	NA	NA	NA	NA	NA	NA	NA	NA	NA	NA	NA	NA	NA	NA	NA	NA	NA	NA	NA	NA	NA	NA	NA	NA	NA	NA	NA	NA	NA	NA	NA	NA	NA	NA	NA	NA	NA	NA	NA	NA	NA	NA	NA	NA	NA	NA	NA	NA	NA	NA	NA	NA	NA	NA	NA	NA	NA	NA	NA	NA	NA	NA	NA	NA	NA	NA	NA	NA	NA	NA	NA	NA	NA	NA	NA 
Depth 7 
cluster names:	 1	2	3	4	5	7	8	9	13	14	16	17	18	19	20	21	22	23	24	25	26	28	32	33	34	37	39	35	40	41	43	45	46	47	48	49	50	52	53	55	56	57	58	59	60	61	62	63	64	65	66	67	68	71	29	72	73	74	75	76	78	80	82	83	84	85	86	87	88	89	93	95	96	97	98	99	100	101	102	104	105	69	106	107	108	109	110	111	112	113	114	115	116	117	118	119	121	122	123	124	125	126	127	129	130	131	132	133	44	134	135	136	54	137	138	139	140	141	142	143	144	145	36	146	147	148	150	151	152	153	154	155	156	157	160	161	162	163	164	165	166	167	168	170	173	174	175	176	177	178	179	180	181	182	183	184	185	103	186	187	188	189	190	191	192	193	194	195	197	198	200	81	201	202	203	204	205	206	207	27	208	210	211	212	213	214	216	77	217	218	219	209	10	220	221	222	223	224	225	226	227	228	229	231	233	234	70	94	235	236	128	38	158	237	238	159	239	240	241	242	232	243	244	245	6	90	246	247	248	249	42	252	253	255	257	258	169	259	260	261	264	265	266	267	268	269	271	272	171	273	274	275	276	277	278	279	280	281	283	284	285	286	287	288	289	290	292	293	294	295	296	297	298	250	299	300	301	302	303	304	305	306	307	91	308	309	310	311	312	313	314	315	316	317	318	319	320	321	322	323	254	324	325	326	327	328	329	330	331	332	333	334	337	338	339	340	341	342	343	344	345	270	346	262	347	348	349	350	335	120	351	352	353	11	256	354	355	356	263	357	358	359	360	361	291	362	363	364	336	365	366	367	368	369	370	251	371	372	373	375	376	377	378	379	380	381	382	12	199	384	149	385	386	387	388	389	390	391	392	30	393	394	395	396	397	398	399	400	401	402	403	404	405	406	407	408	409	410	411	412	413	414	415	416	417	418	419	282	420	215	421	422	423	424	425	426	383	427	428	230	429	51	430	431	432	433	434	435	436	437	438	439	440	441	92	442	443	196	444	445	446	447	448	449	450	451	452	453	31	454	455	456	457	458	459	460	15	461	79	462	374	172 
cluster log marginal likelihood:	 NA	NA	-22.2035041959473	NA	NA	NA	NA	NA	-50.5094126591392	NA	NA	NA	NA	NA	NA	NA	NA	-4.97783240056592	NA	NA	NA	-120.324220909436	-6.46054606776544	NA	NA	NA	NA	NA	NA	NA	NA	NA	NA	NA	NA	NA	NA	NA	NA	NA	NA	NA	NA	NA	-13.4669775873824	NA	NA	NA	NA	NA	NA	NA	NA	NA	NA	NA	NA	-30.6406996029214	NA	NA	-12.1394783434444	-383.647722020207	-10.1390314812155	NA	NA	NA	NA	NA	-3.21795371627992	-6.97137169153143	NA	-4.43234771348581	NA	NA	NA	-12.4640490638662	NA	NA	NA	NA	-7.34495601469754	-1474.37989574125	NA	NA	NA	NA	NA	NA	NA	NA	NA	NA	NA	NA	NA	NA	NA	NA	NA	NA	NA	NA	NA	NA	NA	NA	NA	NA	NA	NA	NA	NA	NA	NA	NA	NA	NA	NA	NA	NA	NA	NA	-226.041592901237	NA	NA	NA	NA	NA	NA	NA	NA	NA	NA	NA	NA	NA	NA	NA	NA	-3.87922011189781	NA	NA	NA	NA	NA	NA	NA	NA	NA	-3.5850498530986	-3.72877934004591	NA	NA	NA	NA	NA	NA	NA	NA	NA	NA	NA	NA	NA	-3.72877934004591	NA	-3.72877934004591	-32.1839476306394	NA	NA	-4.97783240056592	NA	NA	NA	NA	NA	NA	NA	NA	NA	-90.3723406454441	-6.46054606776544	NA	NA	NA	NA	NA	NA	NA	NA	-2.07860949210464	-149.453507960857	NA	NA	NA	NA	NA	NA	NA	NA	NA	-6.97137169153143	NA	NA	NA	NA	NA	NA	NA	NA	NA	NA	NA	NA	NA	NA	NA	NA	NA	NA	NA	NA	NA	NA	NA	NA	NA	NA	NA	NA	NA	NA	NA	NA	NA	NA	NA	-8.86478176844195	NA	-812.20852378739	-3.21795371627992	NA	NA	NA	-4.43883589983323	NA	NA	NA	-108.073879206141	NA	NA	NA	NA	NA	NA	NA	NA	NA	NA	NA	NA	NA	NA	NA	NA	NA	NA	NA	NA	NA	NA	NA	NA	-28.8005402082711	NA	NA	NA	NA	NA	NA	NA	NA	NA	-13.0588929021495	NA	-3.21795371627992	NA	NA	NA	NA	NA	NA	NA	NA	NA	NA	NA	NA	NA	NA	NA	NA	NA	NA	NA	NA	NA	NA	NA	NA	NA	NA	NA	NA	NA	NA	NA	NA	NA	NA	NA	NA	NA	NA	NA	NA	NA	NA	NA	NA	NA	NA	NA	NA	NA	NA	NA	NA	NA	NA	NA	NA	NA	NA	NA	NA	NA	NA	NA	NA	NA	NA	NA	NA	NA	NA	NA	NA	NA	NA	NA	NA	NA	-3.72877934004591	NA	NA	NA	NA	NA	NA	NA	NA	NA	NA	NA	NA	NA	NA	NA	NA	NA	NA	NA	NA	NA	NA	NA	NA	NA	NA	NA	NA	NA	NA	NA	NA	NA	NA	NA	NA	NA	NA	NA	NA	NA	NA	NA	NA	NA	NA	NA	NA	NA	NA	NA	NA	NA	NA	NA	NA	NA	NA	NA	NA	NA	NA	NA	NA	NA	NA	NA	NA	NA	NA	NA	NA	NA	NA	NA	NA	NA	NA	NA	NA	NA	NA	NA	NA	NA	NA	NA	NA	NA	NA	NA	NA	NA	NA	NA	NA	NA	NA 
