,Genotipo,N,Spain,No_spain,Spain_x,Spain_incluster,Spain_nocluster,Spain_incluster_x,Total_incluster,Spain_incluster_xx,Total_clusters_nospain,Total_clusters_spain,Total_clusters,Spanish_cluster_cases,Filtro
1,1,109,67,42,61.47,39,28,58.21,59,66.1,1,14,15,,VERDADERO
2,2,218,120,98,55.05,69,51,57.5,118,58.47,8,27,35,,VERDADERO
3,3,66,33,33,50,25,8,75.76,43,58.14,4,11,15,,FALSO
4,4,89,58,31,65.17,19,39,32.76,29,65.52,2,9,11,,VERDADERO
5,5,66,51,15,77.27,26,25,50.98,31,83.87,0,7,7,,VERDADERO
6,6,98,44,54,44.9,34,10,77.27,61,55.74,4,8,12,,FALSO
7,7,79,55,24,69.62,38,17,69.09,49,77.55,0,11,11,,VERDADERO
8,8,151,110,41,72.85,51,59,46.36,69,73.91,3,20,23,,VERDADERO
9,9,75,55,20,73.33,26,29,47.27,33,78.79,1,9,10,,VERDADERO
10,10,96,46,50,47.92,31,15,67.39,54,57.41,3,12,15,,FALSO
11,11,21,4,17,19.05,1,3,25,10,10,2,1,3,,FALSO
12,12,2,1,1,50,1,0,100,2,50,0,1,1,,FALSO
13,13,15,5,10,33.33,4,1,80,7,57.14,0,3,3,,FALSO
14,14,35,17,18,48.57,8,9,47.06,16,50,1,4,5,,FALSO
15,15,30,19,11,63.33,6,13,31.58,8,75,0,3,3,,VERDADERO
16,16,27,3,24,11.11,1,2,33.33,11,9.09,2,1,3,,FALSO
