"","Isolates","Level 1","Level 2","Level 3","Level 4","Level 5","Level 6"
"1","G01",8,51,187,343,367,367
"2","G02",8,51,182,333,357,357
"3","G03",8,52,192,352,376,376
"4","G04",10,72,276,510,568,576
"5","G1000",8,55,212,404,445,445
"6","G1002",7,46,159,283,301,301
"7","G1009",11,81,302,558,620,628
"8","G1010",8,55,211,400,439,439
"9","G1011",7,43,153,273,286,286
"10","G1012",8,55,212,404,445,445
"11","G1015",4,18,52,98,104,104
"12","G1017",11,73,282,525,587,595
"13","G1018",11,81,298,548,610,618
"14","G1019",3,17,51,95,98,98
"15","G101",6,39,132,220,229,229
"16","G1022",2,8,18,25,25,25
"17","G1023",10,70,265,493,546,546
"18","G1036",7,46,160,285,303,303
"19","G103",4,19,57,103,109,109
"20","G1043",11,74,284,527,589,597
"21","G1056",6,40,136,233,242,242
"22","G1058",10,71,269,498,551,551
"23","G1059m",8,55,212,408,453,453
"24","G1060",8,56,214,414,464,464
"25","G1061",3,10,25,40,40,40
"26","G1062m",5,33,106,176,185,185
"27","G1063",8,54,206,383,422,422
"28","G1065",5,31,98,164,173,173
"29","G1068",5,33,106,177,186,186
"30","G1073",8,53,193,359,383,383
"31","G1089",8,53,194,360,384,384
"32","G108",4,20,60,106,112,112
"33","G1090",8,54,199,366,390,390
"34","G1093m",9,64,239,453,503,503
"35","G1098m",8,56,215,417,467,467
"36","G1099",8,50,180,327,351,351
"37","G109",7,47,167,295,316,316
"38","G1105m",8,52,188,345,369,369
"39","G1107",6,34,111,187,196,196
"40","G110",3,17,46,86,89,89
"41","G1113",3,11,30,47,47,47
"42","G111",3,16,45,81,84,84
"43","G1128",9,63,235,448,498,498
"44","G1133m",6,40,137,235,244,244
"45","G1137",8,51,187,344,368,368
"46","G1141",4,21,64,114,120,120
"47","G1144",8,51,183,334,358,358
"48","G1152",8,54,204,377,410,410
"49","G1154",3,16,43,75,78,78
"50","G1156",8,53,195,361,385,385
"51","G1158m",4,25,81,140,149,149
"52","G1160",7,47,164,292,313,313
"53","G1161",9,57,224,437,487,487
"54","G1163",8,50,180,328,352,352
"55","G116",10,71,270,499,552,552
"56","G1170",8,55,213,409,454,454
"57","G117",8,55,212,405,448,448
"58","G1180",6,39,133,221,230,230
"59","G1181",6,39,133,221,230,230
"60","G1185",10,69,258,484,537,537
"61","G1188",3,14,35,56,57,57
"62","G1190",6,35,114,196,205,205
"63","G1191",10,71,275,506,559,559
"64","G1192",10,71,271,500,553,553
"65","G1195",3,17,51,96,102,102
"66","G1198",3,17,51,95,100,100
"67","G1199",3,12,32,49,49,49
"68","G119",7,48,168,300,321,321
"69","G1200",3,12,32,49,49,49
"70","G1201",8,55,213,409,454,454
"71","G1202",5,32,105,175,184,184
"72","G1204",4,22,68,118,124,124
"73","G120",6,41,141,248,257,257
"74","G122",9,63,236,450,500,500
"75","G1238FE28",7,44,155,276,291,291
"76","G123",4,23,71,121,127,127
"77","G1243",3,17,47,88,91,91
"78","G1246",10,72,276,511,569,577
"79","G124",8,54,204,373,397,397
"80","G1258",4,22,67,117,123,123
"81","G125",8,52,189,347,371,371
"82","G1261",10,72,277,513,575,583
"83","G1268",6,38,125,212,221,221
"84","G1269",6,38,125,212,221,221
"85","G126",10,69,259,485,538,538
"86","G1270",4,25,81,141,150,150
"87","G1272",8,54,204,374,398,398
"88","G1273",11,79,293,538,600,608
"89","G1274",6,34,111,187,196,196
"90","G1277",8,54,206,383,422,422
"91","G1279",10,71,275,509,567,572
"92","G127",11,75,286,531,593,601
"93","G1280",2,6,14,17,17,17
"94","G1285",10,69,260,486,539,539
"95","G1286",7,47,164,292,313,313
"96","G1288m",8,50,178,317,341,341
"97","G128",4,22,67,117,123,123
"98","G1293",2,2,2,2,2,2
"99","G1296",6,40,136,233,242,242
"100","G1302m",7,48,169,302,323,323
"101","G1303",10,68,255,477,530,530
"102","G1304",9,58,226,439,489,489
"103","G1305",9,58,226,439,489,489
"104","G1308",10,72,276,511,570,578
"105","G1309",9,59,227,440,490,490
"106","G130",8,55,207,384,423,423
"107","G1310",9,59,227,440,490,490
"108","G1312",6,39,135,230,239,239
"109","G1314",6,40,138,237,246,246
"110","G1315",8,54,204,375,402,402
"111","G1316",8,55,211,401,440,440
"112","G1318",8,55,211,401,440,440
"113","G1320",4,20,59,105,111,111
"114","G1321",5,32,103,173,182,182
"115","G1322",5,31,98,165,174,174
"116","G1323",6,38,126,213,222,222
"117","G1325",6,39,135,229,238,238
"118","G1327",4,25,82,142,151,151
"119","G1328",6,42,151,267,276,276
"120","G1329",6,38,126,213,222,222
"121","G1332",8,51,184,336,360,360
"122","G1334",10,69,260,486,539,539
"123","G1342",8,52,189,348,372,372
"124","G1344",5,26,87,147,156,156
"125","G1347",8,52,192,353,377,377
"126","G1349",9,64,240,454,504,504
"127","G1350",4,20,60,107,113,113
"128","G1351",10,66,247,464,514,514
"129","G1353m",6,40,136,233,242,242
"130","G1354",8,56,220,425,475,475
"131","G1355",6,38,125,212,221,221
"132","G1356",3,14,36,61,64,64
"133","G1357m",3,17,46,87,90,90
"134","G1358",8,51,185,341,365,365
"135","G1359",10,66,248,465,515,515
"136","G135",2,8,18,25,25,25
"137","G1360",5,27,88,148,157,157
"138","G1364",8,53,196,363,387,387
"139","G1365",11,81,299,549,611,619
"140","G1366",6,41,142,249,258,258
"141","G1367",8,56,220,426,476,476
"142","G1368",5,30,97,162,171,171
"143","G1369",2,3,6,6,6,6
"144","G1375",5,33,106,178,187,187
"145","G1376",4,25,83,143,152,152
"146","G1378",10,69,258,484,537,537
"147","G1379",4,22,69,119,125,125
"148","G137",6,34,113,195,204,204
"149","G139",3,17,48,92,95,95
"150","G1403",5,31,99,167,176,176
"151","G1404",10,71,272,502,555,555
"152","G1407",4,22,70,120,126,126
"153","G1411",8,50,178,317,341,341
"154","G1420",5,27,88,148,157,157
"155","G1421",3,14,37,62,65,65
"156","G1422",8,55,208,389,428,428
"157","G1428",8,55,211,402,441,441
"158","G1429",10,71,275,509,567,573
"159","G142",4,24,75,130,136,136
"160","G1431",6,36,117,204,213,213
"161","G1432",10,72,277,513,575,583
"162","G1433",8,51,186,342,366,366
"163","G1437",4,24,76,131,137,137
"164","G1438",2,9,21,28,28,28
"165","G1439",8,56,222,432,482,482
"166","G143",7,48,171,308,332,332
"167","G1440",8,53,195,361,385,385
"168","G1446",6,39,133,222,231,231
"169","G1447",5,31,99,167,176,176
"170","G1449",7,43,153,273,286,286
"171","G144",8,56,216,419,469,469
"172","G1452",6,40,139,240,249,249
"173","G1458",7,46,163,289,310,310
"174","G1459",2,9,23,32,32,32
"175","G145",10,72,276,510,568,576
"176","G1461",7,48,170,305,326,326
"177","G1465",6,41,142,250,259,259
"178","G1467",10,71,275,509,567,570
"179","G1469",6,42,151,265,274,274
"180","G146m",4,21,63,113,119,119
"181","G1471_NOSIP",8,52,192,352,376,376
"182","G1474_NOSIP",8,52,192,354,378,378
"183","G1476",10,67,253,472,525,525
"184","G147",8,52,189,346,370,370
"185","G1481",8,56,217,422,472,472
"186","G1484m",8,56,221,429,479,479
"187","G1487",10,71,275,509,566,566
"188","G1489",10,71,275,509,566,567
"189","G1492",11,78,289,534,596,604
"190","G1494",11,79,293,540,602,610
"191","G1495",11,79,293,538,600,608
"192","G1496",10,66,248,465,515,515
"193","G1497",10,69,259,485,538,538
"194","G1498",11,80,295,543,605,613
"195","G1499",7,47,167,295,316,316
"196","G149m",3,16,44,77,80,80
"197","G1500FE27",11,77,288,533,595,603
"198","G1501FE36",4,25,81,141,150,150
"199","G1505",8,52,190,350,374,374
"200","G1506",8,52,190,350,374,374
"201","G1507",9,62,232,445,495,495
"202","G1509",5,31,99,167,176,176
"203","G150m",6,39,135,231,240,240
"204","G1512",3,16,44,76,79,79
"205","G1513",8,55,209,390,429,429
"206","G1514",5,26,86,146,155,155
"207","G1516",3,17,51,95,100,100
"208","G1517",11,75,285,528,590,598
"209","G1518",2,3,3,3,3,3
"210","G1519m",6,37,120,207,216,216
"211","G151",8,56,222,434,484,484
"212","G1520",8,54,205,379,415,415
"213","G1521",9,59,228,441,491,491
"214","G1522",3,15,39,66,69,69
"215","G1523",3,17,51,97,103,103
"216","G1524",4,23,72,125,131,131
"217","G1525",11,75,285,528,590,598
"218","G1528",3,17,51,95,99,99
"219","G152",2,7,15,18,18,18
"220","G1530",7,47,167,295,316,316
"221","G1532",9,64,241,455,505,505
"222","G1533",8,55,210,395,434,434
"223","G1536",5,28,89,149,158,158
"224","G1537",7,44,155,276,291,291
"225","G1538",8,52,192,355,379,379
"226","G1539",8,56,222,434,484,484
"227","G1542",6,38,127,214,223,223
"228","G1543",5,33,107,181,190,190
"229","G1544",10,71,269,497,550,550
"230","G1545",8,54,204,377,410,410
"231","G1546",8,54,204,376,406,406
"232","G1557",7,48,168,301,322,322
"233","G1558",10,65,243,460,510,510
"234","G1562",9,63,235,448,498,498
"235","G1563",8,53,194,360,384,384
"236","G1564",6,38,128,215,224,224
"237","G1566",8,56,216,418,468,468
"238","G1567",3,14,35,56,58,58
"239","G1568",6,35,114,198,207,207
"240","G1570",10,68,255,478,531,531
"241","G1571",7,43,153,273,287,287
"242","G1573",9,59,229,442,492,492
"243","G1576",4,23,72,125,131,131
"244","G1577",10,72,276,511,571,579
"245","G1578",10,68,255,478,531,531
"246","G1579",9,59,229,442,492,492
"247","G1581",6,40,139,241,250,250
"248","G1582",8,51,187,344,368,368
"249","G1583",10,71,275,506,559,559
"250","G1585",7,48,170,305,326,326
"251","G1586",4,25,82,142,151,151
"252","G1590",8,54,205,380,416,416
"253","G1603",7,43,153,272,285,285
"254","G1604",10,67,251,468,518,518
"255","G1607",8,54,204,377,411,411
"256","G1609",3,17,51,95,100,100
"257","G1610",7,43,153,272,285,285
"258","G1611",8,55,213,410,455,455
"259","G1612",3,11,30,47,47,47
"260","G1613",6,37,121,208,217,217
"261","G1614",2,4,8,8,8,8
"262","G1615m",10,66,247,464,514,514
"263","G1616",3,10,25,41,41,41
"264","G1617",10,67,253,472,525,525
"265","G1618",6,40,140,244,253,253
"266","G1619",6,34,112,188,197,197
"267","G1620",9,63,236,449,499,499
"268","G1621",11,79,293,539,601,609
"269","G1627",8,55,210,396,435,435
"270","G1628",9,63,236,449,499,499
"271","G1630",10,71,269,497,550,550
"272","G1631",11,81,300,554,616,624
"273","G1633",6,41,144,254,263,263
"274","G1634",9,59,227,440,490,490
"275","G1635",11,75,285,529,591,599
"276","G1636",11,80,296,544,606,614
"277","G1637",9,60,230,443,493,493
"278","G1638",5,26,86,146,155,155
"279","G1644",8,55,207,385,424,424
"280","G1646",3,16,44,78,81,81
"281","G1647",6,37,122,209,218,218
"282","G1648",5,30,95,155,164,164
"283","G164",7,45,157,280,295,295
"284","G1651",4,24,77,132,138,138
"285","G1652",5,32,104,174,183,183
"286","G1653",5,30,95,155,164,164
"287","G1654",10,71,275,507,560,560
"288","G1657",3,17,47,90,93,93
"289","G165",8,54,205,381,420,420
"290","G1660",11,77,288,533,595,603
"291","G1661",10,71,273,503,556,556
"292","G1663",4,25,84,144,153,153
"293","G1664",8,54,206,382,421,421
"294","G166",8,54,200,369,393,393
"295","G1671",10,71,275,509,566,566
"296","G1672",3,12,31,48,48,48
"297","G1675",9,60,230,443,493,493
"298","G1676",8,52,189,346,370,370
"299","G1678",8,54,201,370,394,394
"300","G167",8,55,212,405,450,450
"301","G1683",6,42,146,260,269,269
"302","G1684",3,16,45,82,85,85
"303","G1685",6,36,118,205,214,214
"304","G1686",3,14,38,65,68,68
"305","G1687",10,69,263,491,544,544
"306","G168",7,45,157,279,294,294
"307","G1693",10,71,273,503,556,556
"308","G1697",9,63,238,452,502,502
"309","G1700",5,33,108,183,192,192
"310","G1701",10,71,269,498,551,551
"311","G1702",6,41,144,255,264,264
"312","G1703",8,55,212,404,446,446
"313","G1704",10,67,251,469,522,522
"314","G1705",11,78,289,534,596,604
"315","G1708",4,23,71,122,128,128
"316","G1711",8,53,197,364,388,388
"317","G1713",3,17,46,86,89,89
"318","G1715",7,48,170,305,327,327
"319","G1716m",3,17,47,89,92,92
"320","G1717",8,55,213,411,457,457
"321","G1718",9,63,236,450,500,500
"322","G1724",8,53,196,362,386,386
"323","G1725",10,70,265,493,546,546
"324","G1726",5,31,99,168,177,177
"325","G1727",11,73,282,525,587,595
"326","G1728",2,7,17,24,24,24
"327","G1731",7,46,159,282,297,297
"328","G1732",7,43,154,275,290,290
"329","G1733",9,62,234,447,497,497
"330","G1736",9,57,224,437,487,487
"331","G1739",10,65,243,460,510,510
"332","G1740",6,40,140,244,253,253
"333","G1741",2,8,19,26,26,26
"334","G1742",6,38,128,215,224,224
"335","G1743",7,46,163,288,309,309
"336","G1745m",2,7,16,19,19,19
"337","G1747",4,21,63,113,119,119
"338","G1750",6,36,119,206,215,215
"339","G1751",4,24,80,137,146,146
"340","G1752m",8,56,215,416,466,466
"341","G1753",11,81,302,560,622,630
"342","G1754",8,54,200,369,393,393
"343","G1756m",10,67,254,476,529,529
"344","G1757",9,62,232,445,495,495
"345","G1758",4,25,82,142,151,151
"346","G1759",5,30,96,158,167,167
"347","G1760",5,31,100,170,179,179
"348","G1761",4,21,65,115,121,121
"349","G1762",6,39,135,230,239,239
"350","G1763",10,65,244,461,511,511
"351","G1764",8,54,205,379,415,415
"352","G1765",2,9,23,33,33,33
"353","G1766",5,33,106,179,188,188
"354","G1767",2,2,2,2,2,2
"355","G1768",8,54,204,376,405,405
"356","G1769",10,65,244,461,511,511
"357","G176",8,52,188,345,369,369
"358","G1770",8,53,196,362,386,386
"359","G1772",8,52,188,345,369,369
"360","G1773",3,16,44,79,82,82
"361","G1774",10,69,261,488,541,541
"362","G1775",8,54,199,366,390,390
"363","G1777m",8,56,222,434,484,484
"364","G1778",8,56,222,432,482,482
"365","G177m",1,1,1,1,1,1
"366","G1780",8,56,218,423,473,473
"367","G1782",6,39,134,228,237,237
"368","G1783",8,52,192,352,376,376
"369","G1784",10,70,266,494,547,547
"370","G1785",5,30,95,155,164,164
"371","G1786",7,44,155,276,291,291
"372","G1787",10,67,252,471,524,524
"373","G1788",8,54,205,380,417,417
"374","G1791",9,62,232,445,495,495
"375","G1792",8,52,189,346,370,370
"376","G1795",3,17,49,93,96,96
"377","G1799",4,23,71,121,127,127
"378","G1801",7,46,163,290,311,311
"379","G1803",9,62,232,445,495,495
"380","G1805",4,23,72,125,131,131
"381","G180m",6,38,128,216,225,225
"382","G1817",9,64,241,457,507,507
"383","G1818",9,64,241,458,508,508
"384","G1819",6,41,144,256,265,265
"385","G1821",10,67,251,468,518,518
"386","G1822",11,78,290,535,597,605
"387","G1823",7,43,153,273,286,286
"388","G1824",3,17,46,85,88,88
"389","G1825",7,46,160,285,304,304
"390","G1826",6,35,114,198,207,207
"391","G1827",7,44,156,277,292,292
"392","G1828m",8,55,212,405,450,450
"393","G1829",8,52,189,346,370,370
"394","G182",3,16,45,83,86,86
"395","G1831",4,24,75,130,136,136
"396","G1835",6,42,147,261,270,270
"397","G1836",8,56,220,427,477,477
"398","G1837",11,78,290,535,597,605
"399","G1839",4,20,60,108,114,114
"400","G183",9,64,240,454,504,504
"401","G1841",2,2,2,2,2,2
"402","G1842",8,54,199,367,391,391
"403","G1849m",2,3,4,4,4,4
"404","G1850",2,9,23,34,34,34
"405","G1851",6,42,147,261,270,270
"406","G1852",5,33,109,185,194,194
"407","G1853",10,65,245,462,512,512
"408","G1854",10,69,262,490,543,543
"409","G1855m",10,72,276,510,568,576
"410","G1857m",6,38,129,217,226,226
"411","G1858m",8,55,211,401,440,440
"412","G1859",7,43,153,274,289,289
"413","G1860",8,55,213,411,456,456
"414","G1861",9,60,230,443,493,493
"415","G1862",10,67,251,470,523,523
"416","G1863",3,12,32,51,51,51
"417","G1864",8,55,213,411,458,458
"418","G1865",6,34,112,189,198,198
"419","G1866m",6,40,139,240,249,249
"420","G1867m",8,55,210,397,436,436
"421","G1868m",7,47,167,295,316,316
"422","G1869m",3,12,32,52,52,52
"423","G186",6,42,148,262,271,271
"424","G1870",2,9,21,29,29,29
"425","G1885",7,46,161,286,307,307
"426","G1889",2,5,9,10,10,10
"427","G1892",9,64,242,459,509,509
"428","G1893",3,11,30,47,47,47
"429","G1896m",4,25,81,141,150,150
"430","G1898",11,78,290,535,597,605
"431","G1900",5,32,104,174,183,183
"432","G1906",9,59,228,441,491,491
"433","G1907",10,66,250,467,517,517
"434","G1908",8,55,208,389,428,428
"435","G190",10,72,280,520,582,590
"436","G1910",8,55,209,391,430,430
"437","G1911",4,23,73,126,132,132
"438","G1912",9,64,241,455,505,505
"439","G1913",5,31,99,169,178,178
"440","G1914",6,37,123,210,219,219
"441","G1915",8,51,184,337,361,361
"442","G1916",8,51,184,338,362,362
"443","G1918",8,54,204,377,412,412
"444","G191",2,9,23,35,35,35
"445","G1920",3,16,44,80,83,83
"446","G1921",4,25,84,144,153,153
"447","G1922",8,51,184,335,359,359
"448","G1923",7,48,169,302,323,323
"449","G1924",11,81,299,550,612,620
"450","G1925",8,51,184,335,359,359
"451","G1926",5,26,87,147,156,156
"452","G192",8,56,221,429,479,479
"453","G1932",11,81,302,560,622,630
"454","G1934",10,69,261,489,542,542
"455","G1935",7,47,165,293,314,314
"456","G1936",4,25,84,144,153,153
"457","G1938",10,68,257,483,536,536
"458","G1939",2,5,9,9,9,9
"459","G1940",10,67,252,471,524,524
"460","G1941",8,51,187,344,368,368
"461","G1942",5,29,94,154,163,163
"462","G1943",11,78,292,537,599,607
"463","G1944",11,81,302,559,621,629
"464","G1945",6,41,143,253,262,262
"465","G1946",2,7,15,18,18,18
"466","G1948",10,69,262,490,543,543
"467","G1953",7,47,166,294,315,315
"468","G1954",6,39,134,228,237,237
"469","G1955",6,34,112,190,199,199
"470","G1956",6,40,138,238,247,247
"471","G1957",4,19,57,103,109,109
"472","G1958",7,45,157,279,294,294
"473","G1962",11,81,300,556,618,626
"474","G1964",3,17,46,86,89,89
"475","G1965",6,39,133,223,232,232
"476","G1966",9,61,231,444,494,494
"477","G1967",10,66,247,464,514,514
"478","G1968",2,7,17,24,24,24
"479","G1969",6,41,142,249,258,258
"480","G196",6,39,135,230,239,239
"481","G1970",8,55,213,411,456,456
"482","G1971",6,40,138,239,248,248
"483","G1972",8,54,204,375,401,401
"484","G1983m",10,67,251,468,518,518
"485","G1984",7,47,164,292,313,313
"486","G1985",7,46,163,291,312,312
"487","G1986",10,67,251,468,518,518
"488","G1988",6,42,151,266,275,275
"489","G1989",10,66,249,466,516,516
"490","G1992",11,73,281,521,583,591
"491","G1994",10,66,248,465,515,515
"492","G1996",4,24,80,135,142,142
"493","G1997",8,55,212,405,448,448
"494","G1998",7,46,160,285,305,305
"495","G1999",6,35,115,199,208,208
"496","G19",8,53,195,361,385,385
"497","G2002",8,54,204,375,401,401
"498","G200",11,81,301,557,619,627
"499","G2015",5,31,101,171,180,180
"500","G2016",2,3,5,5,5,5
"501","G2017",7,49,173,310,334,334
"502","G2019",8,56,216,420,470,470
"503","G201",7,43,153,273,287,287
"504","G2020",10,67,251,468,518,518
"505","G2022",4,24,80,136,145,145
"506","G2023m",10,67,251,468,518,518
"507","G2024",8,51,182,331,355,355
"508","G2026",2,3,4,4,4,4
"509","G2027",8,55,212,404,446,446
"510","G2029",10,71,275,508,561,561
"511","G202",6,40,140,245,254,254
"512","G2030",5,32,105,175,184,184
"513","G2031m",2,8,19,26,26,26
"514","G2033",2,9,22,31,31,31
"515","G2034",6,34,112,191,200,200
"516","G2036",8,50,179,322,346,346
"517","G2037",10,71,271,500,553,553
"518","G2038",8,50,179,323,347,347
"519","G2039",7,48,170,307,331,331
"520","G2041",8,50,181,330,354,354
"521","G2042",3,11,28,45,45,45
"522","G2044",10,71,271,500,553,553
"523","G2048",10,70,267,495,548,548
"524","G2049",8,50,179,324,348,348
"525","G204",3,17,48,92,95,95
"526","G2051",5,31,100,170,179,179
"527","G2052",10,69,261,487,540,540
"528","G2054m",5,30,96,158,167,167
"529","G2055m",4,23,71,123,129,129
"530","G2057",4,24,80,136,145,145
"531","G2059",8,54,199,367,391,391
"532","G205",8,54,206,382,421,421
"533","G2062",7,46,160,284,302,302
"534","G2063",5,31,102,172,181,181
"535","G2064",7,48,171,308,332,332
"536","G2065",10,65,243,460,510,510
"537","G2066",11,81,299,549,611,619
"538","G2070",7,46,161,286,307,307
"539","G2071",7,47,166,294,315,315
"540","G2072",2,7,17,24,24,24
"541","G2074",10,69,261,487,540,540
"542","G2075",5,33,106,176,185,185
"543","G2079",4,21,66,116,122,122
"544","G2080",5,32,104,174,183,183
"545","G2081",4,24,80,138,147,147
"546","G2083",2,7,17,24,24,24
"547","G2089",6,38,128,216,225,225
"548","G208",2,5,10,13,13,13
"549","G2090",4,25,81,141,150,150
"550","G2091",9,58,226,439,489,489
"551","G2092",7,49,173,310,334,334
"552","G2093",8,54,204,375,403,403
"553","G2095",8,51,184,339,363,363
"554","G2096",3,14,37,62,65,65
"555","G2097",3,14,35,56,56,56
"556","G2098",9,63,236,449,499,499
"557","G2099",8,55,211,400,439,439
"558","G209",6,38,129,217,226,226
"559","G2101",6,42,151,267,277,277
"560","G2102",5,28,89,149,158,158
"561","G2103",9,60,230,443,493,493
"562","G2104",6,38,127,214,223,223
"563","G2105",8,52,189,349,373,373
"564","G2107",6,39,135,232,241,241
"565","G2112",9,63,237,451,501,501
"566","G2114",8,51,183,334,358,358
"567","G2117",11,80,296,545,607,615
"568","G2119",2,7,16,19,19,19
"569","G211",5,26,87,147,156,156
"570","G2120",8,55,212,406,451,451
"571","G2121",11,80,296,544,606,614
"572","G2125",7,46,159,282,298,298
"573","G2128",11,78,291,536,598,606
"574","G212",10,71,274,505,558,558
"575","G2130",7,43,152,268,281,281
"576","G2133",10,68,255,479,532,532
"577","G2134",10,71,274,505,558,558
"578","G2135",11,73,282,525,587,595
"579","G2136",8,54,202,371,395,395
"580","G2137",7,48,170,305,328,328
"581","G2138",4,24,78,133,139,139
"582","G213",2,6,14,17,17,17
"583","G2143",10,67,251,468,518,518
"584","G2144",2,8,20,27,27,27
"585","G2145",10,71,275,509,567,571
"586","G2146",8,53,197,364,388,388
"587","G2147",7,46,162,287,308,308
"588","G2148m",2,8,19,26,26,26
"589","G214",7,48,169,303,324,324
"590","G2151",4,22,68,118,124,124
"591","G2152",7,48,170,305,329,329
"592","G2154",5,33,110,186,195,195
"593","G2155m",10,67,251,468,519,519
"594","G2156",11,81,299,549,611,619
"595","G2160",5,33,110,186,195,195
"596","G2162",6,35,115,199,208,208
"597","G2163m",9,59,228,441,491,491
"598","G2164",5,33,108,184,193,193
"599","G2165",6,39,132,220,229,229
"600","G2166",8,56,220,427,477,477
"601","G2167",5,31,100,170,179,179
"602","G2168",8,56,220,426,476,476
"603","G2169",11,81,300,555,617,625
"604","G216",3,11,29,46,46,46
"605","G2171",8,55,211,401,440,440
"606","G2172",11,81,300,555,617,625
"607","G2173",7,49,174,313,337,337
"608","G2174",7,49,175,314,338,338
"609","G2176m",7,46,159,282,297,297
"610","G2177",11,73,281,522,584,592
"611","G2178m",11,81,302,558,620,628
"612","G2179",8,53,196,363,387,387
"613","G217",3,17,51,96,102,102
"614","G2180",10,72,280,520,582,590
"615","G2181",11,80,295,543,605,613
"616","G2182",11,75,285,530,592,600
"617","G2184",6,38,129,217,226,226
"618","G2185",6,42,147,261,270,270
"619","G2186",2,9,22,31,31,31
"620","G2187",7,47,167,296,317,317
"621","G2188",10,69,261,488,541,541
"622","G2190",3,12,32,53,53,53
"623","G2191",5,29,94,154,163,163
"624","G2192",5,31,100,170,179,179
"625","G2193",8,50,179,325,349,349
"626","G2194",3,16,45,81,84,84
"627","G2195",8,55,212,407,452,452
"628","G2196",2,5,11,14,14,14
"629","G2197m",8,50,179,321,345,345
"630","G2198",8,50,179,321,345,345
"631","G2199",5,31,98,163,172,172
"632","G2200",2,9,22,31,31,31
"633","G2201",8,50,179,321,345,345
"634","G2202",4,24,77,132,138,138
"635","G2203",6,38,128,216,225,225
"636","G2204",4,25,83,143,152,152
"637","G2206",8,54,200,369,393,393
"638","G2209",10,67,251,468,518,518
"639","G2211",7,49,176,315,339,339
"640","G2213",6,34,112,192,201,201
"641","G2214",8,56,218,423,473,473
"642","G2215",10,72,276,511,572,580
"643","G2218",8,55,213,411,459,459
"644","G2220",8,55,213,412,462,462
"645","G2222",2,2,2,2,2,2
"646","G2225",3,17,47,88,91,91
"647","G2226",8,54,204,376,407,407
"648","G2227",8,55,211,403,444,444
"649","G2228",8,51,187,343,367,367
"650","G2229",8,51,187,343,367,367
"651","G222",8,56,219,424,474,474
"652","G2230",11,79,293,541,603,611
"653","G2231",11,76,287,532,594,602
"654","G2232",4,24,80,135,143,143
"655","G2233",4,19,58,104,110,110
"656","G2234",4,19,58,104,110,110
"657","G2235",5,27,88,148,157,157
"658","G2236",4,19,58,104,110,110
"659","G2237",6,40,137,234,243,243
"660","G2238",9,57,225,438,488,488
"661","G2239",3,17,47,91,94,94
"662","G2241",6,40,137,234,243,243
"663","G2243",3,10,25,39,39,39
"664","G2244",4,19,58,104,110,110
"665","G2245",6,41,142,250,259,259
"666","G2246",7,47,167,297,318,318
"667","G2248",4,20,61,111,117,117
"668","G2249",10,68,257,483,536,536
"669","G224",8,55,212,407,452,452
"670","G2252",11,73,283,526,588,596
"671","G2254",3,13,34,55,55,55
"672","G2255",3,13,34,55,55,55
"673","G2258",2,4,7,7,7,7
"674","G2259",7,49,177,316,340,340
"675","G2261",7,49,177,316,340,340
"676","G2263",3,13,34,55,55,55
"677","G2264",8,56,214,414,464,464
"678","G2265",3,16,45,84,87,87
"679","G2266",8,52,192,356,380,380
"680","G2267",10,71,275,508,562,562
"681","G226",4,25,85,145,154,154
"682","G2271",4,20,59,105,111,111
"683","G2273",7,43,152,268,281,281
"684","G2275",3,17,46,85,88,88
"685","G2276",8,55,213,413,463,463
"686","G2278",8,55,213,413,463,463
"687","G2279",8,54,204,374,399,399
"688","G227",9,59,228,441,491,491
"689","G2280",8,54,205,380,418,418
"690","G2281",8,51,184,340,364,364
"691","G2284",11,75,285,529,591,599
"692","G2289",2,4,7,7,7,7
"693","G228",3,15,40,72,75,75
"694","G2290",4,23,73,126,132,132
"695","G2291",2,4,7,7,7,7
"696","G2292",6,40,138,238,247,247
"697","G2293",2,4,7,7,7,7
"698","G2294",3,15,39,67,70,70
"699","G2295",2,3,4,4,4,4
"700","G2296",2,9,23,36,36,36
"701","G2297",8,56,220,427,477,477
"702","G2298",2,3,4,4,4,4
"703","G229",11,81,300,556,618,626
"704","G22",8,54,204,377,413,413
"705","G2300m",6,34,112,193,202,202
"706","G2301",6,35,114,197,206,206
"707","G2302",6,35,116,201,210,210
"708","G2305",10,69,264,492,545,545
"709","G2306",3,15,39,68,71,71
"710","G2307",3,17,49,93,96,96
"711","G2308m",6,41,142,251,260,260
"712","G2309",3,15,39,69,72,72
"713","G2310",8,56,220,425,475,475
"714","G2312",10,67,253,473,526,526
"715","G2313",10,71,275,508,563,563
"716","G2314",7,46,159,282,299,299
"717","G2316",7,48,168,299,320,320
"718","G2318",7,48,168,299,320,320
"719","G2319",7,48,171,308,332,332
"720","G2326",3,15,39,70,73,73
"721","G2328",11,81,299,551,613,621
"722","G2332",11,81,299,552,614,622
"723","G2334",8,55,212,406,451,451
"724","G2336",8,54,204,376,408,408
"725","G2338",10,72,276,512,574,582
"726","G233",5,31,98,166,175,175
"727","G2341",3,13,34,55,55,55
"728","G2343Lib2",4,23,71,121,127,127
"729","G2344",3,15,39,71,74,74
"730","G2345",10,71,275,508,564,564
"731","G2347",10,65,246,463,513,513
"732","G2371m",10,71,275,509,567,571
"733","G237",8,56,222,434,484,484
"734","G2383",8,55,213,410,455,455
"735","G2386",5,31,101,171,180,180
"736","G2397",8,56,222,433,483,483
"737","G2407",8,56,214,414,464,464
"738","G2410",6,38,129,217,226,226
"739","G2411",8,56,222,433,483,483
"740","G2413",5,33,106,180,189,189
"741","G2414",8,56,220,428,478,478
"742","G2415",10,67,253,474,527,527
"743","G2416",7,48,170,306,330,330
"744","G2417",11,80,295,543,605,613
"745","G2418",6,35,116,200,209,209
"746","G2420",8,55,213,409,454,454
"747","G2423",3,17,49,93,96,96
"748","G242",6,41,142,250,259,259
"749","G2430",3,14,37,62,65,65
"750","G2435",8,53,193,357,381,381
"751","G2436",10,66,249,466,516,516
"752","G243",7,49,174,311,335,335
"753","G2443",10,72,277,514,576,584
"754","G2447",8,55,211,403,443,443
"755","G2450",11,77,288,533,595,603
"756","G2451",8,53,193,357,381,381
"757","G2452",11,79,294,542,604,612
"758","G2456",3,10,25,39,39,39
"759","G2457",3,10,25,39,39,39
"760","G2458m",11,73,281,521,583,591
"761","G2459m",11,73,281,521,583,591
"762","G245m",6,41,142,252,261,261
"763","G2460",7,48,170,306,330,330
"764","G2462",3,14,35,56,59,59
"765","G2463",11,78,289,534,596,604
"766","G2464",8,56,215,415,465,465
"767","G2465m",8,56,218,423,473,473
"768","G2466",11,73,281,523,585,593
"769","G2468",10,71,270,499,552,552
"770","G2469",8,56,218,423,473,473
"771","G246",7,47,165,293,314,314
"772","G2470",6,36,117,204,213,213
"773","G2471",6,42,146,260,269,269
"774","G2472",6,42,151,267,278,278
"775","G2475",8,50,180,326,350,350
"776","G2476",11,73,281,524,586,594
"777","G2477",6,39,135,230,239,239
"778","G2478",10,69,258,484,537,537
"779","G2479",8,55,213,410,455,455
"780","G247",8,54,202,371,395,395
"781","G2481",8,55,208,389,428,428
"782","G2483m",8,55,208,389,428,428
"783","G2485",10,67,251,468,520,520
"784","G2486",4,24,77,132,138,138
"785","G2490",3,12,33,54,54,54
"786","G2491",10,69,259,485,538,538
"787","G2496",4,20,62,112,118,118
"788","G2497",9,64,241,456,506,506
"789","G2498m",8,50,180,326,350,350
"790","G249",8,54,205,380,416,416
"791","G24",11,81,298,548,610,618
"792","G2500",9,64,240,454,504,504
"793","G2501",9,59,229,442,492,492
"794","G250",4,24,75,130,136,136
"795","G2511",4,25,82,142,151,151
"796","G2512",7,47,166,294,315,315
"797","G251",8,56,221,429,479,479
"798","G2526",8,56,221,430,480,480
"799","G2527",4,25,83,143,152,152
"800","G2532",8,54,205,380,417,417
"801","G2534",10,71,275,506,559,559
"802","G2535",8,56,220,425,475,475
"803","G253",11,76,287,532,594,602
"804","G2541",9,62,233,446,496,496
"805","G2547",10,68,256,482,535,535
"806","G255",3,15,40,72,75,75
"807","G2567",10,68,255,478,531,531
"808","G2571",8,55,211,403,442,442
"809","G2579",8,55,211,403,442,442
"810","G257",9,64,242,459,509,509
"811","G2580",7,46,160,284,302,302
"812","G2581",3,17,46,85,88,88
"813","G258",10,72,276,511,573,581
"814","G259",10,71,275,507,560,560
"815","G25",6,36,117,204,213,213
"816","G2602",7,48,169,304,325,325
"817","G2603",8,56,222,433,483,483
"818","G2606",8,56,217,422,472,472
"819","G2607",10,72,277,515,577,585
"820","G260",4,20,60,109,115,115
"821","G2610",8,56,217,422,472,472
"822","G2612",11,80,297,547,609,617
"823","G2615",6,40,139,242,251,251
"824","G261",11,81,298,548,610,618
"825","G2620",8,55,210,398,437,437
"826","G2622",9,63,237,451,501,501
"827","G2623",4,23,72,125,131,131
"828","G2624",8,54,205,380,417,417
"829","G2626",11,81,302,558,620,628
"830","G262",6,35,114,196,205,205
"831","G2630",8,55,211,402,441,441
"832","G2631",7,43,152,270,283,283
"833","G2632",7,48,170,306,330,330
"834","G2636",6,42,147,261,270,270
"835","G2638",3,17,50,94,97,97
"836","G2641",7,43,152,269,282,282
"837","G2645",9,59,229,442,492,492
"838","G2648",4,24,79,134,140,140
"839","G2650",9,57,223,436,486,486
"840","G2653",2,5,12,15,15,15
"841","G2654",7,43,152,269,282,282
"842","G2656",3,15,42,74,77,77
"843","G2657",6,40,137,236,245,245
"844","G2660",8,56,216,418,468,468
"845","G2661",10,65,243,460,510,510
"846","G2668",9,64,240,454,504,504
"847","G2669",2,7,16,20,20,20
"848","G266",6,38,128,216,225,225
"849","G2671",7,48,170,306,330,330
"850","G2682",8,54,205,381,420,420
"851","G2684",2,7,16,21,21,21
"852","G2685",8,56,215,416,466,466
"853","G2688",8,54,206,383,422,422
"854","G268",11,81,301,557,619,627
"855","G2691",6,36,117,204,213,213
"856","G2695",10,71,275,509,567,570
"857","G2698",8,56,215,416,466,466
"858","G26",6,35,114,198,207,207
"859","G2704",10,70,265,493,546,546
"860","G2705",8,51,183,334,358,358
"861","G2706",7,47,166,294,315,315
"862","G2707",7,46,160,285,303,303
"863","G2709",4,24,80,135,141,141
"864","G271",8,54,199,368,392,392
"865","G2725",6,39,133,224,233,233
"866","G2726",3,17,51,95,99,99
"867","G2727",6,35,116,202,211,211
"868","G2728",8,51,182,331,355,355
"869","G2730",4,23,73,126,132,132
"870","G2740",4,24,79,134,140,140
"871","G2743",6,37,124,211,220,220
"872","G2749",4,24,79,134,140,140
"873","G2750",3,14,37,62,65,65
"874","G2755",10,67,251,468,521,521
"875","G2761",4,25,85,145,154,154
"876","G2765",3,14,35,56,56,56
"877","G2766",6,40,137,235,244,244
"878","G2767",5,29,94,154,163,163
"879","G2769",8,54,204,376,405,405
"880","G2770",6,38,131,219,228,228
"881","G2772",6,42,149,263,272,272
"882","G2773",4,24,80,139,148,148
"883","G2779",7,43,152,269,282,282
"884","G2780",2,5,9,11,11,11
"885","G2783",5,30,95,157,166,166
"886","G2785",6,38,130,218,227,227
"887","G2786",3,14,35,56,56,56
"888","G2788",8,54,204,374,398,398
"889","G2789",7,46,160,285,306,306
"890","G278m",10,67,253,475,528,528
"891","G2791",9,61,231,444,494,494
"892","G2796",2,8,19,26,26,26
"893","G2798Lib2",7,49,176,315,339,339
"894","G2801",7,49,176,315,339,339
"895","G2803",3,17,51,95,98,98
"896","G2804",4,24,80,136,145,145
"897","G2805",7,49,174,312,336,336
"898","G2806",8,52,191,351,375,375
"899","G2807",8,52,191,351,375,375
"900","G2808",3,12,32,50,50,50
"901","G2809",10,70,267,495,548,548
"902","G280",10,68,256,482,535,535
"903","G2812",10,72,278,518,580,588
"904","G2813",3,12,32,50,50,50
"905","G2817",10,72,280,520,582,590
"906","G2821",3,17,47,89,92,92
"907","G2822",7,48,168,299,320,320
"908","G2827",3,17,50,94,97,97
"909","G2828",6,42,151,267,279,279
"910","G2830",9,62,234,447,497,497
"911","G2831",4,23,74,129,135,135
"912","G2836",8,53,196,363,387,387
"913","G2837",8,56,215,416,466,466
"914","G2843",7,48,172,309,333,333
"915","G2856",6,39,133,225,234,234
"916","G2867",5,31,98,163,172,172
"917","G2874",10,72,278,518,580,588
"918","G2875",11,77,288,533,595,603
"919","G287",8,56,216,421,471,471
"920","G2894",7,49,175,314,338,338
"921","G290m",4,24,80,135,141,141
"922","G2911",9,62,233,446,496,496
"923","G2912",10,72,279,519,581,589
"924","G2920",7,43,152,271,284,284
"925","G2921",10,72,279,519,581,589
"926","G2953",4,25,81,140,149,149
"927","G2954",5,29,94,154,163,163
"928","G2959",6,40,139,243,252,252
"929","G2962",5,30,96,158,167,167
"930","G2965",7,46,159,282,300,300
"931","G2970",7,45,157,278,293,293
"932","G2971",7,45,157,278,293,293
"933","G2978",7,45,158,281,296,296
"934","G2979",8,51,182,332,356,356
"935","G2981",6,41,142,252,261,261
"936","G2982",7,46,162,287,308,308
"937","G2986",7,47,167,297,318,318
"938","G298m",8,51,182,332,356,356
"939","G3000",8,51,185,341,365,365
"940","G3003",7,49,175,314,338,338
"941","G3004",6,40,140,246,255,255
"942","G302m",3,16,43,75,78,78
"943","G3053",6,42,146,260,269,269
"944","G3057",6,35,114,197,206,206
"945","G3058",8,55,213,411,460,460
"946","G3060",2,3,3,3,3,3
"947","G3061",8,55,207,386,425,425
"948","G3062",7,48,170,306,330,330
"949","G3064",3,14,35,56,56,56
"950","G3072",3,14,35,56,56,56
"951","G3073",11,74,284,527,589,597
"952","G3074",8,54,204,374,398,398
"953","G3077",4,25,85,145,154,154
"954","G307m",2,7,16,22,22,22
"955","G308m",2,7,16,23,23,23
"956","G313m",10,69,261,487,540,540
"957","G314m",2,7,15,18,18,18
"958","G317m",8,53,194,360,384,384
"959","G318",1,1,1,1,1,1
"960","G320m",3,17,47,88,91,91
"961","G321m",3,10,26,43,43,43
"962","G322m",4,23,71,124,130,130
"963","G323m",8,54,204,373,397,397
"964","G334",10,69,262,490,543,543
"965","G337",11,80,297,547,609,617
"966","G338m",8,54,204,376,409,409
"967","G348m",6,40,136,233,242,242
"968","G350m",6,35,116,203,212,212
"969","G351",4,23,73,127,133,133
"970","G356m",8,53,193,358,382,382
"971","G357m",7,47,167,296,317,317
"972","G358m",3,16,44,76,79,79
"973","G368m",8,50,178,318,342,342
"974","G377",8,53,198,365,389,389
"975","G393m",11,81,301,557,619,627
"976","G395m",5,33,108,182,191,191
"977","G398m",8,56,222,435,485,485
"978","G401m",8,50,180,329,353,353
"979","G402m",5,33,107,181,190,190
"980","G403m",8,56,220,427,477,477
"981","G405m",6,39,133,226,235,235
"982","G406m",4,25,85,145,154,154
"983","G407m",6,42,150,264,273,273
"984","G408m",6,42,149,263,272,272
"985","G409",8,55,213,413,463,463
"986","G410m",8,56,220,425,475,475
"987","G419m",4,24,80,135,144,144
"988","G428m",6,38,127,214,223,223
"989","G431m",6,41,141,248,257,257
"990","G435m",6,41,141,248,257,257
"991","G439m",5,26,86,146,155,155
"992","G440",9,62,234,447,497,497
"993","G441m",3,14,36,61,64,64
"994","G442m",3,10,27,44,44,44
"995","G444",6,40,138,237,246,246
"996","G446",3,14,35,57,60,60
"997","G450m",5,33,109,185,194,194
"998","G453m",10,68,257,483,536,536
"999","G454m",11,80,296,544,606,614
"1000","G459m",2,9,21,30,30,30
"1001","G460",10,71,275,509,567,574
"1002","G463m",10,71,275,509,567,571
"1003","G465",5,28,90,150,159,159
"1004","G467m",6,41,142,250,259,259
"1005","G468m",6,41,144,257,266,266
"1006","G469m",11,80,296,545,607,615
"1007","G470m",8,53,193,358,382,382
"1008","G471m",8,51,186,342,366,366
"1009","G474m",4,23,73,128,134,134
"1010","G478m",2,9,21,29,29,29
"1011","G482m",11,81,300,554,616,624
"1012","G486",10,71,275,508,565,565
"1013","G497m",5,28,91,151,160,160
"1014","G498m",8,55,212,404,447,447
"1015","G499m",8,55,209,392,431,431
"1016","G500m",5,28,92,152,161,161
"1017","G501m",7,47,164,292,313,313
"1018","G503m",8,52,192,352,376,376
"1019","G508m",3,11,29,46,46,46
"1020","G512m",5,28,93,153,162,162
"1021","G525m",7,46,162,287,308,308
"1022","G536m",2,5,13,16,16,16
"1023","G538m",5,30,95,156,165,165
"1024","G545m",10,71,269,498,551,551
"1025","G548",10,66,249,466,516,516
"1026","G549m",4,24,80,136,145,145
"1027","G551m",9,57,223,436,486,486
"1028","G552m",8,55,207,387,426,426
"1029","G553m",8,50,178,319,343,343
"1030","G554",3,15,41,73,76,76
"1031","G556m",8,55,213,411,461,461
"1032","G558m",6,41,145,259,268,268
"1033","G559",6,41,142,251,260,260
"1034","G560",3,14,37,63,66,66
"1035","G561m",7,49,174,312,336,336
"1036","G562m",8,54,205,380,419,419
"1037","G563",6,41,143,253,262,262
"1038","G564m",11,81,299,553,615,623
"1039","G565m",6,42,150,264,273,273
"1040","G566m",8,50,178,320,344,344
"1041","G568m",3,17,51,95,100,100
"1042","G570",10,71,275,509,567,575
"1043","G571m",8,56,221,431,481,481
"1044","G572",3,15,41,73,76,76
"1045","G577",9,62,234,447,497,497
"1046","G579",2,8,20,27,27,27
"1047","G580m",6,42,150,264,273,273
"1048","G581m",9,64,239,453,503,503
"1049","G583m",11,81,298,548,610,618
"1050","G584m",6,40,140,247,256,256
"1051","G587",8,55,212,407,452,452
"1052","G589",8,56,215,415,465,465
"1053","G58",5,33,107,181,190,190
"1054","G594m",5,32,103,173,182,182
"1055","G597",3,17,51,96,102,102
"1056","G60",7,48,169,302,323,323
"1057","G621m",7,43,153,273,287,287
"1058","G623m",10,68,255,477,530,530
"1059","G627m",10,71,273,503,556,556
"1060","G630m",11,78,291,536,598,606
"1061","G634m",10,71,275,506,559,559
"1062","G637m",7,43,153,273,288,288
"1063","G63",2,5,10,13,13,13
"1064","G641m",6,35,114,196,205,205
"1065","G642",2,9,23,37,37,37
"1066","G650",4,18,53,99,105,105
"1067","G651m",6,41,143,253,262,262
"1068","G654m",8,54,202,371,395,395
"1069","G661m",11,81,302,561,623,631
"1070","G665",6,38,130,218,227,227
"1071","G669",7,44,155,276,291,291
"1072","G675",4,24,76,131,137,137
"1073","G67m",10,71,272,502,555,555
"1074","G681m",8,56,217,422,472,472
"1075","G682",2,9,21,28,28,28
"1076","G684m",6,38,130,218,227,227
"1077","G693m",10,72,277,516,578,586
"1078","G694m",7,49,174,311,335,335
"1079","G697m",8,54,204,375,404,404
"1080","G69",3,17,51,97,103,103
"1081","G701m",3,12,31,48,48,48
"1082","G733",2,5,9,9,9,9
"1083","G73",8,55,211,402,441,441
"1084","G757m",7,49,173,310,334,334
"1085","G75",6,41,143,253,262,262
"1086","G764m",10,72,277,517,579,587
"1087","G766m",8,55,209,393,432,432
"1088","G768m",2,3,5,5,5,5
"1089","G76",6,39,133,227,236,236
"1090","G770m",9,61,231,444,494,494
"1091","G778m",10,68,255,480,533,533
"1092","G77",10,72,276,512,574,582
"1093","G782m",10,71,271,500,553,553
"1094","G788FE29",4,18,54,100,106,106
"1095","G78",2,5,9,12,12,12
"1096","G79",11,80,296,546,608,616
"1097","G810m",11,78,291,536,598,606
"1098","G817m",8,55,209,394,433,433
"1099","G818m",11,78,291,536,598,606
"1100","G81",6,42,151,267,280,280
"1101","G820",11,80,296,546,608,616
"1102","G824m",10,71,273,504,557,557
"1103","G826m",10,70,267,495,548,548
"1104","G828m",8,51,182,331,355,355
"1105","G830m",8,55,207,388,427,427
"1106","G832m",4,24,76,131,137,137
"1107","G835m",4,23,71,121,127,127
"1108","G837m",3,14,35,58,61,61
"1109","G838m",8,54,204,377,410,410
"1110","G839m",4,18,55,101,107,107
"1111","G83",8,55,212,405,449,449
"1112","G846m",8,56,221,429,479,479
"1113","G848m",5,30,95,156,165,165
"1114","G84",4,23,73,126,132,132
"1115","G850m",4,18,56,102,108,108
"1116","G851m",11,78,289,534,596,604
"1117","G856m",7,49,173,310,334,334
"1118","G85",11,81,302,559,621,629
"1119","G860m",8,55,212,407,452,452
"1120","G861m",5,33,108,183,192,192
"1121","G863m",6,41,144,258,267,267
"1122","G868m",6,42,151,266,275,275
"1123","G871m",11,79,293,539,601,609
"1124","G873m",10,71,271,501,554,554
"1125","G876m",6,35,116,200,209,209
"1126","G878",6,34,112,194,203,203
"1127","G879m",7,46,163,288,309,309
"1128","G880m",3,17,51,95,101,101
"1129","G881m",3,14,35,59,62,62
"1130","G882m",7,43,153,273,287,287
"1131","G883",8,53,198,365,389,389
"1132","G884",8,54,204,374,400,400
"1133","G885",8,54,201,370,394,394
"1134","G886",8,54,204,377,411,411
"1135","G888",8,53,196,363,387,387
"1136","G891",9,64,241,456,506,506
"1137","G89",5,33,108,182,191,191
"1138","G901",7,49,175,314,338,338
"1139","G906",8,54,204,378,414,414
"1140","G909",8,54,205,380,417,417
"1141","G910",3,11,28,45,45,45
"1142","G917",10,68,255,481,534,534
"1143","G919",6,39,132,220,229,229
"1144","G91",7,47,167,298,319,319
"1145","G921",8,56,214,414,464,464
"1146","G922",10,70,268,496,549,549
"1147","G923m",8,55,212,405,449,449
"1148","G924",10,67,253,472,525,525
"1149","G925",3,14,37,64,67,67
"1150","G926",6,39,135,229,238,238
"1151","G932",3,14,35,60,63,63
"1152","G934",6,42,148,262,271,271
"1153","G937",10,71,275,509,566,568
"1154","G940",8,53,195,361,385,385
"1155","G941",8,54,204,373,397,397
"1156","G945",10,70,265,493,546,546
"1157","G947",10,71,275,509,566,569
"1158","G94",6,42,151,265,274,274
"1159","G950",8,55,213,412,462,462
"1160","G951",8,54,203,372,396,396
"1161","G958",8,54,203,372,396,396
"1162","G95m_NOSIP",8,55,211,403,443,443
"1163","G960",6,42,146,260,269,269
"1164","G975",5,33,107,181,190,190
"1165","G976",6,42,148,262,271,271
"1166","G977",4,24,78,133,139,139
"1167","G979",2,9,24,38,38,38
"1168","G980",8,55,210,399,438,438
"1169","G982",3,10,25,42,42,42
"1170","G984",10,70,266,494,547,547
"1171","G987",10,71,273,504,557,557
"1172","G989",8,56,219,424,474,474
"1173","G990",5,30,96,159,168,168
"1174","G991",5,30,96,160,169,169
"1175","G992",5,30,96,161,170,170
"1176","G995",11,81,302,560,622,630
"1177","G99",4,20,60,110,116,116
